Jm = 200e-6
Bm = 817e-6
Km = 0.228
Kd = 0.449
G = 107.815
simulink